image_width: 640
image_height: 480
camera_name: uvc_cam 
camera_matrix:
  rows: 3
  cols: 3
  data: [619.613541, 0.000000, 343.935986, 0.000000, 617.777291, 246.149206, 0.000000, 0.000000, 1.000000]
distortion_model: plumb_bob
distortion_coefficients:
  rows: 1
  cols: 5
  data: [-0.437193, 0.201606, 0.000871, -0.000790, 0.000000]
rectification_matrix:
  rows: 3
  cols: 3
  data: [1.000000, 0.000000, 0.000000, 0.000000, 1.000000, 0.000000, 0.000000, 0.000000, 1.000000]
projection_matrix:
  rows: 3
  cols: 4
  data: [538.513611, 0.000000, 350.650499, 0.000000, 0.000000, 573.858704, 247.460356, 0.000000, 0.000000, 0.000000, 1.000000, 0.000000]
