# oST version 5.0 parameters


[image]

width
640

height
480

[narrow_stereo]

camera matrix
619.613541 0.000000 343.935986
0.000000 617.777291 246.149206
0.000000 0.000000 1.000000

distortion
-0.437193 0.201606 0.000871 -0.000790 0.000000

rectification
1.000000 0.000000 0.000000
0.000000 1.000000 0.000000
0.000000 0.000000 1.000000

projection
538.513611 0.000000 350.650499 0.000000
0.000000 573.858704 247.460356 0.000000
0.000000 0.000000 1.000000 0.000000

